For each nBits calculate their wOffset stats:
nBits count min median mean mode stdev skew kurtosis pvariance variance max mad cv medad stderr
230 671 -3680 -3591 -3541.11 -3676 153.63 2.72 12.4 23565.47 23601 -2330 107.21 -4.34 63 5.93
231 671 -3696 -3479 -3361.8 -3653 359.68 2.05 5.83 129175.75 129369 -961 263.61 -10.7 160 13.89
232 671 -3712 -3612 -3564.52 -3672 158.47 2.9 14.0 25076.2 25114 -2182 107.72 -4.45 67 6.12
233 671 -3728 -3468 -3343.71 -3611 393.67 1.84 3.98 154748.29 154979 -1387 292.42 -11.77 184 15.2
234 671 -3744 -3642 -3602.77 -3737 147.58 2.1 6.05 21748.61 21781 -2737 106.11 -4.1 70 5.7
235 671 -3760 -3475 -3361.64 -3738 383.47 1.84 5.13 146831.89 147051 -647 284.63 -11.41 189 14.8
236 671 -3776 -3661 -3612.7 -3757 168.65 2.17 6.72 28402.09 28444 -2581 122.09 -4.67 84 6.51
237 671 -3792 -3392 -3112.29 -3702 865.94 2.84 10.51 748741.33 749859 2635 571.18 -27.82 291 33.43
238 671 -3808 -3288 -3037.28 -3370 804.74 1.98 5.26 646640.65 647606 1433 590.27 -26.5 390 31.07
239 671 -3824 -3412 -3179.03 -3716 657.85 1.62 2.7 432116.38 432761 -245 499.56 -20.69 301 25.4
240 671 -3840 -3388 -3183.35 -3739 691.52 2.02 5.65 477482.13 478195 993 506.34 -21.72 345 26.7
241 671 -3856 -3475 -3282.89 -3855 597.0 1.8 3.89 355880.55 356412 84 447.23 -18.19 281 23.05
242 671 -3872 -3383 -3166.86 -3805 720.81 2.33 10.0 518797.11 519571 2631 530.56 -22.76 367 27.83
243 671 -3887 -3481 -3319.55 -3136 546.35 1.73 4.12 298051.24 298496 -431 411.08 -16.46 289 21.09
244 671 -3902 -3400 -3147.34 -3278 795.75 2.04 5.39 632277.19 633221 1385 576.78 -25.28 362 30.72
245 671 -3920 -3516 -3317.93 -3863 645.89 2.11 6.86 416555.98 417178 1477 470.94 -19.47 305 24.93
246 671 -3936 -3459 -3258.05 -3817 665.82 1.86 4.72 442649.01 443310 606 496.08 -20.44 323 25.7
247 671 -3950 -3553 -3390.1 -3890 536.02 1.92 5.69 286887.93 287316 -23 401.22 -15.81 277 20.69
248 671 -3968 -3491 -3240.96 -3968 778.49 2.29 7.74 605149.41 606053 1713 556.5 -24.02 338 30.05
249 671 -3982 -3457 -2914.35 -3937 1497.33 2.54 6.53 2238668.17 2242009 3979 976.02 -51.38 402 57.8
250 671 -4000 -3021 -2005.23 -3841 2242.93 1.28 0.37 5023237.24 5030735 3959 1797.43 -111.85 792 86.59
251 671 -4014 -624 -406.43 -3894 2450.65 0.17 -1.3 5996729.46 6005680 3971 2149.52 -602.97 2233 94.61
252 671 -4031 -70 -16.9 1897 2312.35 0.02 -1.14 5339006.91 5346976 4023 1975.37 -13681.23 2045 89.27
253 671 -4034 -54 -66.04 1339 2427.97 -0.01 -1.24 5886273.06 5895059 4043 2097.55 -3676.42 2142 93.73
254 671 -4023 -150 -47.37 3182 2383.66 0.04 -1.22 5673389.93 5681858 4063 2075.17 -5031.58 2045 92.02
255 671 -4070 10 -99.33 10 2352.43 0.03 -1.16 5525659.18 5533906 4049 2004.63 -2368.34 1978 90.81
256 671 -4093 73 49.97 -3782 2302.9 -0.06 -1.13 5295463.02 5303367 4088 1964.59 4608.69 1964 88.9
257 671 -4111 190 98.52 -1916 2398.15 -0.07 -1.21 5742557.57 5751129 4097 2085.24 2434.06 2080 92.58
258 671 -4128 100 -16.97 3498 2338.93 -0.08 -1.12 5462427.33 5470580 4125 2003.98 -13778.93 1882 90.29
259 671 -4143 43 6.62 -3384 2364.9 -0.03 -1.22 5584435.71 5592771 4107 2051.86 35739.88 2082 91.3
260 671 -4158 270 140.57 -1303 2464.22 -0.08 -1.27 6063321.95 6072372 4143 2149.61 1753.05 2261 95.13
261 671 -4172 7 -19.54 -3190 2409.36 0.0 -1.2 5796355.97 5805007 4166 2086.22 -12327.89 2119 93.01
262 671 -4192 -517 -399.76 -2178 2595.87 0.17 -1.31 6728507.14 6738550 4191 2278.56 -649.36 2345 100.21
263 671 -4207 -694 -367.06 -4147 2582.77 0.16 -1.32 6660750.25 6670692 4207 2274.93 -703.63 2319 99.71
264 671 -4214 -783 -440.77 -607 2448.66 0.23 -1.12 5987000.67 5995936 4219 2109.38 -555.55 2079 94.53
265 671 -4234 -897 -652.41 -738 2486.85 0.28 -1.13 6175196.76 6184413 4217 2152.85 -381.18 2096 96.0
266 671 -4251 -617 -415.93 3341 2579.55 0.21 -1.23 6644179.31 6654096 4251 2247.26 -620.2 2249 99.58
267 671 -4272 -1030 -676.99 639 2561.3 0.35 -1.15 6550500.35 6560277 4265 2223.13 -378.34 2190 98.88
268 671 -4281 -1354 -707.57 -4048 2647.02 0.39 -1.21 6996298.24 7006740 4266 2324.32 -374.1 2070 102.19
269 671 -4292 -671 -462.18 -2264 2527.46 0.21 -1.19 6378546.25 6388066 4303 2189.18 -546.86 2281 97.57
270 671 -4311 -1040 -674.72 -3159 2537.8 0.32 -1.13 6430815.8 6440414 4315 2197.79 -376.13 2112 97.97
271 671 -4334 -923 -667.73 -4172 2516.73 0.3 -1.14 6324508.68 6333948 4324 2172.45 -376.91 2129 97.16
272 671 -4349 -597 -472.17 -3051 2540.22 0.22 -1.18 6443111.81 6452728 4338 2200.82 -537.99 2178 98.06
273 671 -4362 -882 -633.96 -1361 2601.25 0.3 -1.16 6756398.2 6766482 4355 2249.01 -410.32 2195 100.42
274 671 -4374 -850 -548.69 -2042 2704.26 0.24 -1.29 7302102.92 7313002 4343 2378.74 -492.86 2396 104.4
275 671 -4400 -891 -514.72 -3153 2684.76 0.25 -1.25 7197187.21 7207929 4389 2348.95 -521.6 2310 103.64
276 671 -4413 -912 -581.89 2511 2613.89 0.25 -1.24 6822260.43 6832443 4414 2297.91 -449.21 2303 100.91
277 671 -4418 -708 -437.6 1806 2654.94 0.21 -1.21 7038199.89 7048705 4430 2307.98 -606.71 2328 102.49
278 671 -4447 -810 -510.33 -1324 2679.35 0.28 -1.19 7168234.93 7178934 4427 2320.71 -525.02 2229 103.44
279 671 -4453 -348 -179.21 -1119 2629.3 0.1 -1.2 6902931.67 6913235 4460 2273.24 -1467.16 2299 101.5
280 671 -4471 -1094 -678.52 -4316 2705.35 0.32 -1.19 7307996.29 7318904 4471 2352.68 -398.71 2253 104.44
281 671 -4495 -869 -701.48 -4258 2610.15 0.25 -1.15 6802712.58 6812866 4485 2265.95 -372.09 2327 100.76
282 671 -4509 -146 -186.23 -2733 2690.31 0.03 -1.25 7226993.45 7237780 4510 2337.67 -1444.65 2393 103.86
283 671 -4526 -730 -486.35 -1630 2660.3 0.22 -1.18 7066648.49 7077196 4484 2300.99 -546.99 2308 102.7
284 671 -4540 -553 -385.01 3658 2751.32 0.18 -1.24 7558491.69 7569773 4543 2399.99 -714.6 2479 106.21
285 671 -4547 -86 -121.1 -4450 2705.56 0.04 -1.27 7309129.56 7320039 4544 2350.25 -2234.24 2458 104.45
286 671 -4570 -381 -323.85 -3566 2658.09 0.09 -1.19 7054910.81 7065441 4557 2306.65 -820.77 2324 102.61
287 4031 -4590 -165 -98.75 -3830 2629.16 0.04 -1.18 6910768.55 6912483 4591 2268.28 -2662.42 2257 41.41
288 2015 -4604 -395 -220.73 -902 2656.87 0.11 -1.17 7055431.99 7058935 4605 2301.46 -1203.65 2237 59.19
289 2015 -4622 -280 -142.34 -1775 2657.63 0.08 -1.19 7059494.79 7063000 4621 2303.24 -1867.08 2270 59.2
290 671 -4634 -83 -71.93 -1057 2668.4 -0.0 -1.19 7109739.15 7120351 4621 2310.64 -3709.95 2316 103.01
291 671 -4642 115 -18.54 -3855 2712.34 -0.0 -1.22 7345839.21 7356803 4654 2344.11 -14628.9 2385 104.71
292 671 -4670 -8 -21.13 -1605 2702.44 -0.01 -1.21 7292297.85 7303182 4669 2336.17 -12791.6 2436 104.33
293 671 -4682 -89 -84.23 -3568 2766.26 0.01 -1.26 7640771.86 7652176 4682 2418.34 -3284.07 2449 106.79
294 671 -4693 221 184.42 -2386 2674.71 -0.06 -1.17 7143419.02 7154081 4673 2295.68 1450.3 2309 103.26
295 671 -4720 -196 34.88 -2759 2756.08 0.06 -1.25 7584655.34 7595976 4719 2410.88 7901.43 2454 106.4
296 671 -4729 315 189.37 343 2741.79 -0.1 -1.2 7506230.51 7517434 4719 2369.48 1447.89 2362 105.85
297 671 -4747 -271 -181.01 4307 2702.22 0.04 -1.17 7291131.91 7302014 4746 2319.74 -1492.86 2316 104.32
298 671 -4755 -10 -27.32 -2471 2742.84 -0.03 -1.21 7511936.85 7523149 4755 2375.79 -10038.41 2357 105.89
299 671 -4778 -306 -146.21 -2392 2740.53 0.06 -1.19 7499293.72 7510487 4781 2375.86 -1874.43 2324 105.8
300 671 -4796 146 125.69 -2679 2753.18 -0.06 -1.21 7568720.15 7580017 4764 2390.42 2190.38 2372 106.29
301 671 -4810 186 29.04 -4020 2796.95 -0.03 -1.18 7811270.97 7822930 4807 2412.66 9632.77 2353 107.98
302 671 -4830 40 35.99 4115 2833.53 0.0 -1.21 8016954.66 8028920 4829 2460.17 7872.89 2386 109.39
303 671 -4828 -275 -59.3 -709 2810.15 0.05 -1.2 7885196.08 7896965 4785 2423.91 -4738.56 2479 108.48
304 671 -4849 -84 -74.27 2851 2781.04 0.07 -1.14 7722652.37 7734179 4858 2389.13 -3744.59 2354 107.36
305 671 -4875 -115 -88.07 -2468 2832.35 0.07 -1.21 8010228.2 8022184 4876 2470.11 -3215.96 2431 109.34
306 671 -4878 -524 -262.28 -1206 2820.67 0.16 -1.18 7944320.75 7956178 4895 2434.86 -1075.42 2454 108.89
307 671 -4885 51 23.13 -4296 2894.5 -0.03 -1.25 8365671.92 8378158 4891 2511.96 12511.84 2623 111.74
308 671 -4927 -38 -108.0 -3247 2755.92 -0.01 -1.1 7583794.73 7595114 4915 2352.17 -2551.68 2332 106.39
309 671 -4913 -77 -54.66 -1394 2839.33 0.01 -1.2 8049779.65 8061794 4939 2458.62 -5194.51 2512 109.61
310 671 -4947 -338 -99.85 4012 2870.45 0.13 -1.17 8227176.11 8239455 4951 2473.97 -2874.86 2428 110.81
311 671 -4967 -290 -159.38 -4252 2865.57 0.04 -1.22 8199264.89 8211503 4963 2495.78 -1797.95 2441 110.62
312 671 -4976 -7 -61.27 2390 2909.59 -0.01 -1.24 8453075.55 8465692 4909 2533.78 -4748.93 2577 112.32
313 671 -5004 -41 -75.49 2464 2873.75 0.02 -1.17 8246145.89 8258454 4968 2476.03 -3806.71 2457 110.94
314 671 -4991 -53 -60.74 1012 2878.82 0.03 -1.21 8275242.17 8287593 5008 2496.35 -4739.52 2485 111.14
315 671 -5031 -67 -103.04 -2712 2931.16 0.06 -1.19 8578902.84 8591707 5028 2530.81 -2844.55 2573 113.16
316 671 -5054 76 60.37 -2972 2932.79 0.02 -1.25 8588419.82 8601238 5055 2559.19 4858.05 2647 113.22
317 671 -5068 328 156.64 -4009 3008.18 -0.1 -1.3 9035652.22 9049138 5060 2656.04 1920.45 2682 116.13
318 671 -5061 -53 -119.04 516 2940.55 0.07 -1.22 8633937.22 8646824 5072 2552.5 -2470.15 2611 113.52
319 671 -5053 -184 -71.19 3172 2981.83 0.05 -1.25 8878082.71 8891334 5071 2604.32 -4188.51 2612 115.11
320 671 -5101 286 114.41 2134 2986.33 -0.09 -1.19 8904862.07 8918153 5108 2569.86 2610.17 2549 115.29
321 671 -5132 38 -27.37 -613 2937.91 -0.03 -1.19 8618458.68 8631322 5118 2550.04 -10734.21 2519 113.42
322 671 -5142 345 214.53 4494 2975.51 -0.08 -1.19 8840491.87 8853687 5148 2578.98 1387.0 2593 114.87
323 671 -5158 -1 97.51 -3106 2970.42 -0.01 -1.22 8810254.09 8823404 5144 2588.11 3046.28 2676 114.67
324 671 -5167 363 209.11 -4952 3004.38 -0.13 -1.21 9012833.44 9026285 5161 2608.5 1436.73 2641 115.98
325 671 -5199 66 -59.7 -2101 2951.77 -0.03 -1.16 8699945.98 8712931 5186 2550.58 -4944.17 2515 113.95
326 671 -5187 -11 -59.8 2991 3030.28 -0.02 -1.18 9168924.75 9182610 5198 2600.48 -5067.59 2613 116.98
327 671 -5221 41 24.76 -1369 3003.46 -0.01 -1.17 9007355.2 9020799 5226 2591.65 12130.28 2565 115.95
328 671 -5227 -1 30.6 -1115 3010.54 -0.03 -1.17 9049842.57 9063350 5245 2591.42 9839.61 2595 116.22
329 671 -5253 209 188.35 4340 2994.22 -0.08 -1.16 8951966.31 8965327 5262 2576.59 1589.72 2578 115.59
330 671 -5273 141 98.87 -3316 3046.39 -0.02 -1.19 9266674.98 9280506 5259 2618.49 3081.34 2665 117.6
331 671 -5287 -95 64.88 -1238 3113.56 0.03 -1.25 9679825.27 9694273 5294 2721.38 4799.01 2727 120.2
332 671 -5264 192 113.47 -1700 3010.51 -0.04 -1.16 9049638.11 9063145 5308 2585.87 2653.18 2574 116.22
333 671 -5328 94 73.09 -1768 3118.14 -0.04 -1.24 9708307.13 9722797 5316 2712.58 4266.37 2813 120.37
334 671 -5337 -157 -71.4 2717 3137.8 0.03 -1.2 9831146.63 9845820 5325 2712.88 -4394.72 2690 121.13
335 671 -5349 -434 -147.63 -1188 3175.63 0.08 -1.26 10069598.13 10084627 5352 2775.12 -2151.13 2836 122.59
336 671 -5372 -11 -78.41 4096 3051.72 -0.02 -1.12 9299095.01 9312974 5375 2611.82 -3891.93 2565 117.81
337 671 -5389 -131 -5.02 3300 3179.38 0.01 -1.21 10093399.84 10108465 5382 2748.87 -63342.18 2743 122.74
338 671 -5403 -514 -250.4 988 3194.2 0.1 -1.23 10187726.75 10202932 5400 2780.27 -1275.64 2818 123.31
339 671 -5320 -14 44.81 -3645 3139.31 0.0 -1.22 9840596.27 9855284 5408 2716.94 7005.72 2747 121.19
340 671 -5426 37 66.79 135 3227.54 0.01 -1.25 10401472.8 10416997 5404 2808.18 4832.48 2794 124.6
341 671 -5439 -508 -236.86 -1405 3136.27 0.09 -1.14 9821516.97 9836176 5451 2691.6 -1324.13 2609 121.07
342 671 -5470 -462 -168.45 1927 3174.39 0.12 -1.2 10061713.24 10076731 5463 2748.94 -1884.45 2742 122.55
343 671 -5480 265 134.43 1073 3122.67 -0.04 -1.18 9736562.98 9751095 5481 2687.63 2322.94 2727 120.55
344 671 -5485 100 14.04 -287 3237.64 -0.02 -1.22 10466666.32 10482288 5480 2822.45 23059.7 2784 124.99
345 671 -5505 -249 -252.66 -1020 3094.84 0.07 -1.11 9563785.27 9578060 5514 2671.12 -1224.88 2519 119.48
346 671 -5491 259 121.7 424 3181.64 -0.06 -1.16 10107753.21 10122839 5518 2734.19 2614.26 2695 122.83
347 671 -5541 194 46.56 -2515 3272.45 -0.05 -1.28 10692950.82 10708910 5550 2869.84 7028.62 2873 126.33
348 671 -5563 64 78.41 5125 3224.33 -0.02 -1.21 10380825.03 10396319 5557 2792.74 4111.92 2796 124.47
349 671 -5577 318 164.55 5336 3222.02 -0.07 -1.19 10365949.85 10381421 5565 2773.63 1958.06 2756 124.38
350 671 -5599 60 34.87 -2497 3300.14 -0.02 -1.26 10874686.17 10890917 5567 2870.45 9464.43 2911 127.4
351 671 -5607 -119 -133.92 -2338 3175.73 0.03 -1.18 10070211.08 10085241 5595 2736.38 -2371.42 2715 122.6
352 671 -5627 -651 -272.17 588 3266.32 0.14 -1.18 10652929.26 10668829 5614 2841.23 -1200.08 2718 126.09
353 671 -5637 -168 -33.08 -3735 3269.76 0.01 -1.22 10675371.99 10691305 5636 2835.26 -9885.58 2830 126.23
354 671 -5657 -43 20.62 3517 3272.13 -0.02 -1.24 10690865.21 10706822 5651 2846.45 15866.44 2811 126.32
355 671 -5672 459 280.78 5668 3273.36 -0.15 -1.18 10698934.69 10714903 5677 2838.43 1165.81 2814 126.37
356 671 -5693 254 83.04 3208 3408.51 -0.05 -1.31 11600629.05 11617943 5678 2992.24 4104.5 3112 131.58
357 671 -5697 172 -9.27 5270 3275.91 -0.03 -1.18 10715606.06 10731599 5665 2826.91 -35351.19 2836 126.47
358 671 -5708 471 239.79 -1184 3283.88 -0.15 -1.12 10767827.09 10783898 5685 2801.49 1369.49 2714 126.77
359 671 -5743 388 250.84 -2202 3222.29 -0.17 -1.06 10367683.27 10383157 5724 2731.08 1284.61 2607 124.4
360 671 -5716 -397 -202.8 -330 3264.83 0.08 -1.17 10643222.11 10659108 5734 2810.9 -1609.89 2815 126.04
361 671 -5775 -161 44.81 847 3314.86 0.06 -1.18 10971926.9 10988303 5770 2862.3 7397.72 2793 127.97
362 671 -5790 349 68.33 846 3371.72 -0.06 -1.25 11351559.66 11368502 5754 2947.23 4934.41 3016 130.16
363 671 -5801 236 195.83 2823 3369.46 -0.0 -1.23 11336358.6 11353279 5806 2930.03 1720.58 3002 130.08
364 671 -5802 104 -90.89 -984 3251.67 -0.02 -1.07 10557572.58 10573330 5784 2751.83 -3577.54 2700 125.53
365 671 -5820 348 149.66 4495 3285.61 -0.06 -1.15 10779119.04 10795207 5808 2825.33 2195.38 2833 126.84
366 671 -5839 95 53.99 3911 3306.16 -0.02 -1.14 10914435.43 10930726 5846 2837.31 6123.2 2743 127.63
367 671 -5854 -172 -143.59 -5592 3336.59 0.01 -1.15 11116254.29 11132846 5842 2856.76 -2323.76 2959 128.81
368 671 -5872 -258 8.3 5070 3428.48 0.04 -1.16 11736989.87 11754508 5866 2928.29 41316.69 2955 132.36
369 671 -5899 63 -22.77 -912 3339.59 -0.07 -1.18 11136239.21 11152860 5819 2871.33 -14666.31 2877 128.92
370 671 -5792 2 10.09 490 3287.28 0.05 -1.15 10790081.38 10806186 5897 2837.93 32591.05 2761 126.9
371 671 -5916 -250 -117.04 -4353 3341.51 0.08 -1.16 11149038.61 11165679 5927 2869.04 -2855.01 2910 129.0
372 671 -5940 220 135.15 -3967 3402.18 -0.05 -1.21 11557576.2 11574826 5950 2957.55 2517.35 2886 131.34
373 671 -5962 -300 -104.37 5727 3406.91 0.05 -1.15 11589758.5 11607057 5967 2941.08 -3264.37 2895 131.52
374 671 -5943 206 202.85 -3661 3267.03 -0.01 -1.02 10657580.79 10673488 5948 2754.45 1610.57 2685 126.12
375 671 -5978 -204 -100.2 310 3209.99 0.04 -0.95 10288652.66 10304009 5983 2664.04 -3203.64 2493 123.92
376 671 -6015 109 45.95 4670 3266.23 -0.02 -1.05 10652391.28 10668290 6006 2772.48 7108.57 2693 126.09
377 671 -6008 -132 -90.96 4930 3223.65 0.02 -0.9 10376445.14 10391932 5990 2689.5 -3543.93 2271 124.45
378 671 -6034 260 274.98 719 3178.24 -0.06 -0.83 10086158.6 10101213 6041 2610.23 1155.8 2148 122.69
379 671 -6013 18 -6.94 -830 2944.58 0.07 -0.55 8657625.74 8670548 6026 2367.63 -42435.84 1899 113.67
380 671 -6052 91 86.55 2071 3094.25 -0.02 -0.77 9560088.4 9574357 6059 2534.62 3575.1 2047 119.45
381 671 -6082 -10 31.03 -2022 2800.37 -0.03 -0.36 7830371.58 7842059 6069 2209.6 9023.47 1755 108.11
382 671 -6091 135 215.89 1683 3054.75 -0.01 -0.68 9317586.06 9331493 6083 2491.49 1414.98 1990 117.93
383 671 -6104 137 104.18 -1417 2732.87 0.04 -0.24 7457472.35 7468603 6114 2172.27 2623.1 1753 105.5
384 671 -6133 -249 -89.37 -592 2774.87 0.04 -0.27 7688401.03 7699876 5987 2189.85 -3104.78 1671 107.12
385 671 -6077 -86 2.08 -1196 2492.64 0.03 0.01 6204007.9 6213268 6057 1960.2 119811.12 1548 96.23
386 671 -6144 -277 -108.04 2562 2609.5 0.08 -0.21 6799352.03 6809500 6102 2085.95 -2415.31 1690 100.74
387 671 -6184 -256 -208.08 811 2685.72 0.07 -0.13 7202361.71 7213111 6135 2109.49 -1290.69 1650 103.68
388 671 -6201 -127 -141.77 -793 2971.5 -0.1 -0.4 8816654.55 8829814 6132 2361.65 -2096.06 1834 114.71
389 671 -6221 40 -196.45 946 2695.65 -0.17 -0.13 7255687.41 7266517 6217 2133.29 -1372.2 1718 104.06
390 671 -6236 -266 -390.45 32 2969.11 -0.12 -0.52 8802454.22 8815592 6177 2380.88 -760.43 1910 114.62
391 671 -6254 -177 -269.09 -1000 2710.81 -0.18 -0.23 7337542.69 7348494 6199 2143.18 -1007.4 1656 104.65
392 671 -6271 -211 -259.17 1831 3003.95 -0.05 -0.47 9010293.01 9023741 6248 2413.81 -1159.06 1854 115.97
393 671 -6268 -30 -200.23 -771 2784.28 -0.09 -0.21 7740683.86 7752237 6240 2188.4 -1390.54 1694 107.49
394 2494 -6303 -48.5 -64.87 -4161 3271.43 -0.01 -0.95 10697935.74 10702227 6283 2755.83 -5043.29 2532.0 65.51
395 671 -6230 30 46.44 -942 2515.85 0.01 -0.15 6320083.41 6329516 6313 1996.48 5417.47 1630 97.12
396 755 -6333 2 136.05 4676 2823.05 -0.02 -0.36 7959064.39 7969620 6280 2256.8 2075.07 1844 102.74
397 671 -6263 22 -48.97 1778 2595.38 0.01 -0.07 6725977.17 6736016 6326 2060.76 -5299.93 1694 100.19
398 881 -6344 -195 -63.01 -1055 2951.19 0.08 -0.46 8699648.2 8709534 6344 2356.25 -4683.42 1985 99.43
399 671 -6383 66 25.04 382 2617.95 0.02 0.05 6843464.99 6853679 6366 2040.0 10453.12 1606 101.06
400 839 -6391 -132 -211.38 65 3048.19 -0.02 -0.56 9280414.88 9291489 6390 2475.54 -1442.07 2043 105.24
401 671 -6412 -78 -55.41 1022 2652.74 0.02 -0.01 7026553.98 7037041 6381 2062.44 -4787.24 1618 102.41
402 755 -6426 -104 -185.76 -1396 2799.6 -0.11 -0.07 7827359.8 7837741 6422 2166.06 -1507.08 1665 101.89
403 671 -6444 118 17.66 807 2427.93 -0.17 0.27 5886047.1 5894832 6264 1888.28 13746.85 1480 93.73
404 797 -6464 -37 -272.52 283 3069.7 -0.13 -0.61 9411260.5 9423084 6436 2498.95 -1126.43 2089 108.73
405 671 -6479 11 -86.58 -1630 2813.07 -0.06 -0.54 7901580.1 7913374 6217 2303.55 -3249.0 1967 108.6
406 713 -6491 60 -287.23 3927 3057.86 -0.15 -0.76 9337417.86 9350532 6376 2532.9 -1064.6 2212 114.52
407 671 -6510 -138 -116.73 -1619 2835.08 -0.04 -0.63 8025671.81 8037650 6068 2342.17 -2428.8 1972 109.45
408 713 -6524 -24 -262.45 844 3016.41 -0.19 -0.76 9085939.6 9098701 6171 2508.79 -1149.32 2187 112.97
409 671 -6544 -296 -268.47 1455 2952.01 -0.03 -0.74 8701366.48 8714354 6437 2465.64 -1099.56 2153 113.96
410 713 -6558 -41 -115.55 -2180 3275.88 -0.06 -0.81 10716316.15 10731367 6526 2742.21 -2835.14 2445 122.68
411 671 -6562 -433 -577.35 -402 3251.94 0.01 -0.69 10559346.54 10575107 6573 2685.82 -563.25 2385 125.54
412 713 -6573 -1267 -988.43 -6011 3877.43 0.23 -1.1 15013415.68 15034502 6588 3339.26 -392.28 3317 145.21
413 671 -6608 -1004 -1071.43 -6601 3490.45 0.15 -0.9 12165080.08 12183237 6586 2937.26 -325.77 2785 134.75
414 713 -6624 -1257 -1040.4 1187 3756.31 0.25 -0.98 14090068.95 14109858 6619 3195.04 -361.05 3141 140.67
415 671 -6627 -1065 -830.49 3446 3386.31 0.24 -0.67 11449992.3 11467082 6633 2789.66 -407.75 2467 130.73
416 713 -6656 -1212 -966.83 -4673 3820.95 0.22 -1.03 14579182.73 14599659 6654 3254.05 -395.2 3380 143.1
417 671 -6666 -458 -519.93 1961 3164.04 -0.03 -0.79 9996200.61 10011120 6663 2655.07 -608.55 2416 122.15
418 713 -6688 -630 -547.01 -2666 3778.12 0.13 -1.02 14254199.31 14274219 6686 3211.74 -690.68 3121 141.49
419 671 -6696 -898 -900.21 -4654 3407.67 0.13 -0.81 11594887.01 11612193 6614 2823.52 -378.54 2513 131.55
420 671 -6718 -1448 -944.79 209 3952.35 0.29 -1.1 15597769.51 15621050 6702 3414.68 -418.33 3407 152.58
421 671 -6733 -696 -545.99 109 3560.63 0.22 -0.79 12659159.75 12678054 6733 2944.32 -652.14 2615 137.46
422 713 -6744 56 -46.42 -4579 3750.85 -0.02 -0.92 14049124.63 14068857 6750 3108.78 -8080.35 2624 140.47
423 671 -6758 139 184.35 6678 3477.69 0.03 -0.86 12076311.85 12094336 6754 2892.33 1886.46 2617 134.25
424 671 -6781 96 178.05 -5276 3841.4 0.11 -0.94 14734393.88 14756386 6783 3201.42 2157.44 2776 148.3
425 671 -6794 -635 -532.1 466 3475.92 0.08 -0.91 12064009.96 12082016 6777 2915.39 -653.25 2676 134.19
426 713 -6816 -486 -432.37 -1264 3648.01 0.09 -0.97 13289306.24 13307971 6788 3077.81 -843.73 2805 136.62
427 671 -6824 -852 -570.38 -257 3301.26 0.12 -0.79 10882084.29 10898326 6781 2754.89 -578.78 2521 127.44
428 671 -6840 -927 -835.4 6845 3540.89 0.25 -0.77 12519228.51 12537914 6845 2958.3 -423.86 2676 136.69
429 671 -6834 -666 -429.73 -3557 3254.26 0.14 -0.79 10574400.3 10590183 6801 2709.69 -757.28 2431 125.63
430 671 -6866 -851 -676.48 -6314 3642.39 0.17 -0.96 13247246.32 13267018 6864 3096.05 -538.44 2986 140.61
431 671 -6889 -675 -589.15 1338 3418.47 0.09 -0.87 11668487.34 11685903 6847 2874.98 -580.23 2628 131.97
432 713 -6912 -238 -288.44 -332 3415.8 -0.01 -0.82 11651357.76 11667722 6887 2856.45 -1184.23 2616 127.92
433 671 -6895 -438 -464.35 719 3167.49 -0.07 -0.64 10018057.76 10033010 6877 2595.9 -682.14 2282 122.28
434 671 -6925 -527 -617.69 1899 3273.85 -0.02 -0.72 10702114.89 10718088 6925 2727.47 -530.02 2426 126.39
435 671 -6954 -470 -438.23 1641 3182.46 -0.03 -0.52 10112965.33 10128059 6882 2597.11 -726.2 2280 122.86
436 671 -6976 -674 -723.27 949 3316.87 0.05 -0.58 10985248.03 11001644 6955 2721.7 -458.59 2315 128.05
437 671 -6948 -130 -422.44 -5051 3172.85 -0.08 -0.53 10051994.51 10066997 6944 2595.93 -751.08 2257 122.49
438 713 -7005 -307 -351.69 1326 3453.41 0.05 -0.64 11909335.02 11926062 7002 2856.68 -981.94 2461 129.33
439 671 -7018 -254 -304.56 -1419 3173.02 -0.05 -0.69 10053021.47 10068026 6781 2650.71 -1041.85 2372 122.49
440 671 -6982 -382 -253.84 4599 3388.35 0.01 -0.81 11463798.96 11480909 6991 2849.0 -1334.86 2648 130.81
441 671 -7035 -1644 -790.04 -3180 3352.07 0.44 -0.68 11219639.61 11236385 6987 2799.41 -424.29 1957 129.41
442 671 -7062 -2354 -1186.63 -2448 3377.46 0.6 -0.57 11390238.69 11407239 7046 2822.66 -284.63 1787 130.39
443 671 -7083 -1586 -1084.06 -2235 3215.42 0.34 -0.56 10323513.92 10338922 6782 2641.17 -296.61 1979 124.13
444 713 -7098 -1972 -1171.77 1273 3135.75 0.59 -0.18 9819125.11 9832916 7103 2520.55 -267.61 1519 117.43
445 671 -7091 -1692 -1270.56 -3097 3463.09 0.29 -0.68 11975130.94 11993004 6951 2831.82 -272.56 2275 133.69
446 671 -7128 -1466 -1272.74 -1515 3463.13 0.21 -0.46 11975411.9 11993286 7081 2616.73 -272.1 1937 133.69
447 671 -7150 -734 -837.44 -1191 3536.14 -0.06 -0.69 12485646.17 12504281 6976 2829.54 -422.26 2396 136.51
448 671 -7163 -906 -989.53 -432 3234.15 -0.22 -0.39 10444105.94 10459694 6827 2489.01 -326.84 1922 124.85
449 671 -7162 -356 -628.12 963 3067.14 -0.24 -0.15 9393305.03 9407325 7093 2360.02 -488.3 1604 118.41
450 713 -7151 -372 -579.11 1654 3093.78 -0.22 -0.13 9558039.92 9571464 6972 2375.69 -534.23 1650 115.86
451 671 -7193 -230 -579.21 3051 3147.25 -0.22 -0.37 9890419.19 9905181 7176 2482.22 -543.37 1799 121.5
452 671 -7205 -329 -577.74 1258 3305.52 -0.22 -0.37 10910169.2 10926453 7144 2553.92 -572.15 1708 127.61
453 671 -7233 -188 -429.04 -7093 3258.56 -0.18 -0.34 10602383.51 10618208 6948 2516.31 -759.5 1622 125.8
454 671 -7258 -502 -486.24 984 3207.45 -0.13 -0.17 10272402.55 10287734 7187 2419.59 -659.64 1525 123.82
455 671 -7269 -560 -593.52 -1259 3223.39 -0.13 -0.32 10374768.77 10390253 7174 2479.09 -543.1 1834 124.44
456 797 -7284 -799 -693.09 -530 3288.16 -0.03 -0.56 10798415.37 10811981 7253 2595.81 -474.42 2128 116.47
457 671 -7227 -556 -519.87 -2439 3222.91 -0.1 -0.53 10371636.93 10387117 7114 2537.12 -619.94 2003 124.42
458 671 -7323 -671 -731.21 -7260 3399.79 0.02 -0.5 11541380.09 11558606 7313 2691.76 -464.96 2131 131.25
459 671 -7319 -557 -545.29 2505 3254.1 -0.12 -0.45 10573395.52 10589177 7173 2555.89 -596.76 2001 125.62
460 1343 -7358 -616 -465.46 -1500 3668.5 -0.02 -0.87 13447875.68 13457896 7294 3027.01 -788.14 2796 100.1
461 671 -7373 -360 -239.44 -1445 3322.51 -0.13 -0.43 11022634.75 11039086 7364 2589.93 -1387.59 1902 128.26
462 671 -7387 -868 -709.08 -1233 3207.05 -0.04 -0.37 10269846.73 10285175 7143 2488.89 -452.28 1992 123.81
463 671 -7359 -676 -452.43 -50 3146.23 -0.05 -0.39 9883990.93 9898743 7217 2447.01 -695.41 1809 121.46
464 2687 -7419 -599 -542.27 -1783 3678.32 -0.01 -0.9 13524975.66 13530011 7422 3058.28 -678.32 2852 70.96
465 1343 -7416 -159 -166.6 1307 3639.14 -0.03 -0.82 13233505.79 13243367 7420 2993.4 -2184.41 2628 99.3
466 2015 -7456 -847 -703.85 183 3738.9 0.05 -0.94 13972470.66 13979408 7412 3117.94 -531.2 2973 83.29
467 1343 -7470 -315 -542.11 -470 3338.45 -0.16 -0.53 11136964.57 11145263 7360 2660.89 -615.82 2045 91.1
468 671 -7484 -431 -388.25 1383 3963.51 0.0 -1.12 15686024.93 15709437 7479 3404.18 -1020.87 3391 153.01
grouped nBits stats:
min median mean mode stdev skew kurtosis pvariance variance max mad cv medad stderr
-7484 -675.0 -483.52 -3613 3077.17 0.15 -0.86 9468907.2 9468961 7479 2605.29 -636.41 2507.0 7.36
